  0,  0,  0,  0,  0,  0,  0,  0,  0,  0,  0,  0,  0,  0,  0,  0,  0,  0,  0,  0,  0,  0,  0,  0,  0,  0,  0,  0,  0,  0,  0,  0,   0,  0,  0,  0,  0,  0,  0,  0,  0,  0,  0,  0,  0,  0,  0,  0,  0,  0,  0,  0,  0,  0,  0,  0,  0,  0,  0,  0,  0,  0,  0,  0,
  0,  1,  2,  3,  4,  5,  6,  7,  8,  9, 10, 11, 12, 13, 14, 15,  0,  1,  2,  3,  4,  5,  6,  7,  8,  9, 10, 11, 12, 13, 14, 15,   0, 16, 32, 48, 64, 80, 96,112,  0, 16, 32, 48, 64, 80, 96,112,  0, 16, 32, 48, 64, 80, 96,112,  0, 16, 32, 48, 64, 80, 96,112,
  0,  2,  4,  6,  8, 10, 12, 14, 16, 18, 20, 22, 24, 26, 28, 30,  0,  2,  4,  6,  8, 10, 12, 14, 16, 18, 20, 22, 24, 26, 28, 30,   0, 32, 64, 96,  3, 35, 67, 99,  0, 32, 64, 96,  3, 35, 67, 99,  0, 32, 64, 96,  3, 35, 67, 99,  0, 32, 64, 96,  3, 35, 67, 99,
  0,  3,  6,  5, 12, 15, 10,  9, 24, 27, 30, 29, 20, 23, 18, 17,  0,  3,  6,  5, 12, 15, 10,  9, 24, 27, 30, 29, 20, 23, 18, 17,   0, 48, 96, 80, 67,115, 35, 19,  0, 48, 96, 80, 67,115, 35, 19,  0, 48, 96, 80, 67,115, 35, 19,  0, 48, 96, 80, 67,115, 35, 19,
  0,  4,  8, 12, 16, 20, 24, 28, 32, 36, 40, 44, 48, 52, 56, 60,  0,  4,  8, 12, 16, 20, 24, 28, 32, 36, 40, 44, 48, 52, 56, 60,   0, 64,  3, 67,  6, 70,  5, 69,  0, 64,  3, 67,  6, 70,  5, 69,  0, 64,  3, 67,  6, 70,  5, 69,  0, 64,  3, 67,  6, 70,  5, 69,
  0,  5, 10, 15, 20, 17, 30, 27, 40, 45, 34, 39, 60, 57, 54, 51,  0,  5, 10, 15, 20, 17, 30, 27, 40, 45, 34, 39, 60, 57, 54, 51,   0, 80, 35,115, 70, 22,101, 53,  0, 80, 35,115, 70, 22,101, 53,  0, 80, 35,115, 70, 22,101, 53,  0, 80, 35,115, 70, 22,101, 53,
  0,  6, 12, 10, 24, 30, 20, 18, 48, 54, 60, 58, 40, 46, 36, 34,  0,  6, 12, 10, 24, 30, 20, 18, 48, 54, 60, 58, 40, 46, 36, 34,   0, 96, 67, 35,  5,101, 70, 38,  0, 96, 67, 35,  5,101, 70, 38,  0, 96, 67, 35,  5,101, 70, 38,  0, 96, 67, 35,  5,101, 70, 38,
  0,  7, 14,  9, 28, 27, 18, 21, 56, 63, 54, 49, 36, 35, 42, 45,  0,  7, 14,  9, 28, 27, 18, 21, 56, 63, 54, 49, 36, 35, 42, 45,   0,112, 99, 19, 69, 53, 38, 86,  0,112, 99, 19, 69, 53, 38, 86,  0,112, 99, 19, 69, 53, 38, 86,  0,112, 99, 19, 69, 53, 38, 86,
  0,  8, 16, 24, 32, 40, 48, 56, 64, 72, 80, 88, 96,104,112,120,  0,  8, 16, 24, 32, 40, 48, 56, 64, 72, 80, 88, 96,104,112,120,   0,  3,  6,  5, 12, 15, 10,  9,  0,  3,  6,  5, 12, 15, 10,  9,  0,  3,  6,  5, 12, 15, 10,  9,  0,  3,  6,  5, 12, 15, 10,  9,
  0,  9, 18, 27, 36, 45, 54, 63, 72, 65, 90, 83,108,101,126,119,  0,  9, 18, 27, 36, 45, 54, 63, 72, 65, 90, 83,108,101,126,119,   0, 19, 38, 53, 76, 95,106,121,  0, 19, 38, 53, 76, 95,106,121,  0, 19, 38, 53, 76, 95,106,121,  0, 19, 38, 53, 76, 95,106,121,
  0, 10, 20, 30, 40, 34, 60, 54, 80, 90, 68, 78,120,114,108,102,  0, 10, 20, 30, 40, 34, 60, 54, 80, 90, 68, 78,120,114,108,102,   0, 35, 70,101, 15, 44, 73,106,  0, 35, 70,101, 15, 44, 73,106,  0, 35, 70,101, 15, 44, 73,106,  0, 35, 70,101, 15, 44, 73,106,
  0, 11, 22, 29, 44, 39, 58, 49, 88, 83, 78, 69,116,127, 98,105,  0, 11, 22, 29, 44, 39, 58, 49, 88, 83, 78, 69,116,127, 98,105,   0, 51,102, 85, 79,124, 41, 26,  0, 51,102, 85, 79,124, 41, 26,  0, 51,102, 85, 79,124, 41, 26,  0, 51,102, 85, 79,124, 41, 26,
  0, 12, 24, 20, 48, 60, 40, 36, 96,108,120,116, 80, 92, 72, 68,  0, 12, 24, 20, 48, 60, 40, 36, 96,108,120,116, 80, 92, 72, 68,   0, 67,  5, 70, 10, 73, 15, 76,  0, 67,  5, 70, 10, 73, 15, 76,  0, 67,  5, 70, 10, 73, 15, 76,  0, 67,  5, 70, 10, 73, 15, 76,
  0, 13, 26, 23, 52, 57, 46, 35,104,101,114,127, 92, 81, 70, 75,  0, 13, 26, 23, 52, 57, 46, 35,104,101,114,127, 92, 81, 70, 75,   0, 83, 37,118, 74, 25,111, 60,  0, 83, 37,118, 74, 25,111, 60,  0, 83, 37,118, 74, 25,111, 60,  0, 83, 37,118, 74, 25,111, 60,
  0, 14, 28, 18, 56, 54, 36, 42,112,126,108, 98, 72, 70, 84, 90,  0, 14, 28, 18, 56, 54, 36, 42,112,126,108, 98, 72, 70, 84, 90,   0, 99, 69, 38,  9,106, 76, 47,  0, 99, 69, 38,  9,106, 76, 47,  0, 99, 69, 38,  9,106, 76, 47,  0, 99, 69, 38,  9,106, 76, 47,
  0, 15, 30, 17, 60, 51, 34, 45,120,119,102,105, 68, 75, 90, 85,  0, 15, 30, 17, 60, 51, 34, 45,120,119,102,105, 68, 75, 90, 85,   0,115,101, 22, 73, 58, 44, 95,  0,115,101, 22, 73, 58, 44, 95,  0,115,101, 22, 73, 58, 44, 95,  0,115,101, 22, 73, 58, 44, 95,
  0, 16, 32, 48, 64, 80, 96,112,  3, 19, 35, 51, 67, 83, 99,115,  0, 16, 32, 48, 64, 80, 96,112,  3, 19, 35, 51, 67, 83, 99,115,   0,  6, 12, 10, 24, 30, 20, 18,  0,  6, 12, 10, 24, 30, 20, 18,  0,  6, 12, 10, 24, 30, 20, 18,  0,  6, 12, 10, 24, 30, 20, 18,
  0, 17, 34, 51, 68, 85,102,119, 11, 26, 41, 56, 79, 94,109,124,  0, 17, 34, 51, 68, 85,102,119, 11, 26, 41, 56, 79, 94,109,124,   0, 22, 44, 58, 88, 78,116, 98,  0, 22, 44, 58, 88, 78,116, 98,  0, 22, 44, 58, 88, 78,116, 98,  0, 22, 44, 58, 88, 78,116, 98,
  0, 18, 36, 54, 72, 90,108,126, 19,  1, 55, 37, 91, 73,127,109,  0, 18, 36, 54, 72, 90,108,126, 19,  1, 55, 37, 91, 73,127,109,   0, 38, 76,106, 27, 61, 87,113,  0, 38, 76,106, 27, 61, 87,113,  0, 38, 76,106, 27, 61, 87,113,  0, 38, 76,106, 27, 61, 87,113,
  0, 19, 38, 53, 76, 95,106,121, 27,  8, 61, 46, 87, 68,113, 98,  0, 19, 38, 53, 76, 95,106,121, 27,  8, 61, 46, 87, 68,113, 98,   0, 54,108, 90, 91,109, 55,  1,  0, 54,108, 90, 91,109, 55,  1,  0, 54,108, 90, 91,109, 55,  1,  0, 54,108, 90, 91,109, 55,  1,
  0, 20, 40, 60, 80, 68,120,108, 35, 55, 11, 31,115,103, 91, 79,  0, 20, 40, 60, 80, 68,120,108, 35, 55, 11, 31,115,103, 91, 79,   0, 70, 15, 73, 30, 88, 17, 87,  0, 70, 15, 73, 30, 88, 17, 87,  0, 70, 15, 73, 30, 88, 17, 87,  0, 70, 15, 73, 30, 88, 17, 87,
  0, 21, 42, 63, 84, 65,126,107, 43, 62,  1, 20,127,106, 85, 64,  0, 21, 42, 63, 84, 65,126,107, 43, 62,  1, 20,127,106, 85, 64,   0, 86, 47,121, 94,  8,113, 39,  0, 86, 47,121, 94,  8,113, 39,  0, 86, 47,121, 94,  8,113, 39,  0, 86, 47,121, 94,  8,113, 39,
  0, 22, 44, 58, 88, 78,116, 98, 51, 37, 31,  9,107,125, 71, 81,  0, 22, 44, 58, 88, 78,116, 98, 51, 37, 31,  9,107,125, 71, 81,   0,102, 79, 41, 29,123, 82, 52,  0,102, 79, 41, 29,123, 82, 52,  0,102, 79, 41, 29,123, 82, 52,  0,102, 79, 41, 29,123, 82, 52,
  0, 23, 46, 57, 92, 75,114,101, 59, 44, 21,  2,103,112, 73, 94,  0, 23, 46, 57, 92, 75,114,101, 59, 44, 21,  2,103,112, 73, 94,   0,118,111, 25, 93, 43, 50, 68,  0,118,111, 25, 93, 43, 50, 68,  0,118,111, 25, 93, 43, 50, 68,  0,118,111, 25, 93, 43, 50, 68,
  0, 24, 48, 40, 96,120, 80, 72, 67, 91,115,107, 35, 59, 19, 11,  0, 24, 48, 40, 96,120, 80, 72, 67, 91,115,107, 35, 59, 19, 11,   0,  5, 10, 15, 20, 17, 30, 27,  0,  5, 10, 15, 20, 17, 30, 27,  0,  5, 10, 15, 20, 17, 30, 27,  0,  5, 10, 15, 20, 17, 30, 27,
  0, 25, 50, 43,100,125, 86, 79, 75, 82,121, 96, 47, 54, 29,  4,  0, 25, 50, 43,100,125, 86, 79, 75, 82,121, 96, 47, 54, 29,  4,   0, 21, 42, 63, 84, 65,126,107,  0, 21, 42, 63, 84, 65,126,107,  0, 21, 42, 63, 84, 65,126,107,  0, 21, 42, 63, 84, 65,126,107,
  0, 26, 52, 46,104,114, 92, 70, 83, 73,103,125, 59, 33, 15, 21,  0, 26, 52, 46,104,114, 92, 70, 83, 73,103,125, 59, 33, 15, 21,   0, 37, 74,111, 23, 50, 93,120,  0, 37, 74,111, 23, 50, 93,120,  0, 37, 74,111, 23, 50, 93,120,  0, 37, 74,111, 23, 50, 93,120,
  0, 27, 54, 45,108,119, 90, 65, 91, 64,109,118, 55, 44,  1, 26,  0, 27, 54, 45,108,119, 90, 65, 91, 64,109,118, 55, 44,  1, 26,   0, 53,106, 95, 87, 98, 61,  8,  0, 53,106, 95, 87, 98, 61,  8,  0, 53,106, 95, 87, 98, 61,  8,  0, 53,106, 95, 87, 98, 61,  8,
  0, 28, 56, 36,112,108, 72, 84, 99,127, 91, 71, 19, 15, 43, 55,  0, 28, 56, 36,112,108, 72, 84, 99,127, 91, 71, 19, 15, 43, 55,   0, 69,  9, 76, 18, 87, 27, 94,  0, 69,  9, 76, 18, 87, 27, 94,  0, 69,  9, 76, 18, 87, 27, 94,  0, 69,  9, 76, 18, 87, 27, 94,
  0, 29, 58, 39,116,105, 78, 83,107,118, 81, 76, 31,  2, 37, 56,  0, 29, 58, 39,116,105, 78, 83,107,118, 81, 76, 31,  2, 37, 56,   0, 85, 41,124, 82,  7,123, 46,  0, 85, 41,124, 82,  7,123, 46,  0, 85, 41,124, 82,  7,123, 46,  0, 85, 41,124, 82,  7,123, 46,
  0, 30, 60, 34,120,102, 68, 90,115,109, 79, 81, 11, 21, 55, 41,  0, 30, 60, 34,120,102, 68, 90,115,109, 79, 81, 11, 21, 55, 41,   0,101, 73, 44, 17,116, 88, 61,  0,101, 73, 44, 17,116, 88, 61,  0,101, 73, 44, 17,116, 88, 61,  0,101, 73, 44, 17,116, 88, 61,
  0, 31, 62, 33,124, 99, 66, 93,123,100, 69, 90,  7, 24, 57, 38,  0, 31, 62, 33,124, 99, 66, 93,123,100, 69, 90,  7, 24, 57, 38,   0,117,105, 28, 81, 36, 56, 77,  0,117,105, 28, 81, 36, 56, 77,  0,117,105, 28, 81, 36, 56, 77,  0,117,105, 28, 81, 36, 56, 77,
  0, 32, 64, 96,  3, 35, 67, 99,  6, 38, 70,102,  5, 37, 69,101,  0, 32, 64, 96,  3, 35, 67, 99,  6, 38, 70,102,  5, 37, 69,101,   0, 12, 24, 20, 48, 60, 40, 36,  0, 12, 24, 20, 48, 60, 40, 36,  0, 12, 24, 20, 48, 60, 40, 36,  0, 12, 24, 20, 48, 60, 40, 36,
  0, 33, 66, 99,  7, 38, 69,100, 14, 47, 76,109,  9, 40, 75,106,  0, 33, 66, 99,  7, 38, 69,100, 14, 47, 76,109,  9, 40, 75,106,   0, 28, 56, 36,112,108, 72, 84,  0, 28, 56, 36,112,108, 72, 84,  0, 28, 56, 36,112,108, 72, 84,  0, 28, 56, 36,112,108, 72, 84,
  0, 34, 68,102, 11, 41, 79,109, 22, 52, 82,112, 29, 63, 89,123,  0, 34, 68,102, 11, 41, 79,109, 22, 52, 82,112, 29, 63, 89,123,   0, 44, 88,116, 51, 31,107, 71,  0, 44, 88,116, 51, 31,107, 71,  0, 44, 88,116, 51, 31,107, 71,  0, 44, 88,116, 51, 31,107, 71,
  0, 35, 70,101, 15, 44, 73,106, 30, 61, 88,123, 17, 50, 87,116,  0, 35, 70,101, 15, 44, 73,106, 30, 61, 88,123, 17, 50, 87,116,   0, 60,120, 68,115, 79, 11, 55,  0, 60,120, 68,115, 79, 11, 55,  0, 60,120, 68,115, 79, 11, 55,  0, 60,120, 68,115, 79, 11, 55,
  0, 36, 72,108, 19, 55, 91,127, 38,  2,110, 74, 53, 17,125, 89,  0, 36, 72,108, 19, 55, 91,127, 38,  2,110, 74, 53, 17,125, 89,   0, 76, 27, 87, 54,122, 45, 97,  0, 76, 27, 87, 54,122, 45, 97,  0, 76, 27, 87, 54,122, 45, 97,  0, 76, 27, 87, 54,122, 45, 97,
  0, 37, 74,111, 23, 50, 93,120, 46, 11,100, 65, 57, 28,115, 86,  0, 37, 74,111, 23, 50, 93,120, 46, 11,100, 65, 57, 28,115, 86,   0, 92, 59,103,118, 42, 77, 17,  0, 92, 59,103,118, 42, 77, 17,  0, 92, 59,103,118, 42, 77, 17,  0, 92, 59,103,118, 42, 77, 17,
  0, 38, 76,106, 27, 61, 87,113, 54, 16,122, 92, 45, 11, 97, 71,  0, 38, 76,106, 27, 61, 87,113, 54, 16,122, 92, 45, 11, 97, 71,   0,108, 91, 55, 53, 89,110,  2,  0,108, 91, 55, 53, 89,110,  2,  0,108, 91, 55, 53, 89,110,  2,  0,108, 91, 55, 53, 89,110,  2,
  0, 39, 78,105, 31, 56, 81,118, 62, 25,112, 87, 33,  6,111, 72,  0, 39, 78,105, 31, 56, 81,118, 62, 25,112, 87, 33,  6,111, 72,   0,124,123,  7,117,  9, 14,114,  0,124,123,  7,117,  9, 14,114,  0,124,123,  7,117,  9, 14,114,  0,124,123,  7,117,  9, 14,114,
  0, 40, 80,120, 35, 11,115, 91, 70,110, 22, 62,101, 77, 53, 29,  0, 40, 80,120, 35, 11,115, 91, 70,110, 22, 62,101, 77, 53, 29,   0, 15, 30, 17, 60, 51, 34, 45,  0, 15, 30, 17, 60, 51, 34, 45,  0, 15, 30, 17, 60, 51, 34, 45,  0, 15, 30, 17, 60, 51, 34, 45,
  0, 41, 82,123, 39, 14,117, 92, 78,103, 28, 53,105, 64, 59, 18,  0, 41, 82,123, 39, 14,117, 92, 78,103, 28, 53,105, 64, 59, 18,   0, 31, 62, 33,124, 99, 66, 93,  0, 31, 62, 33,124, 99, 66, 93,  0, 31, 62, 33,124, 99, 66, 93,  0, 31, 62, 33,124, 99, 66, 93,
  0, 42, 84,126, 43,  1,127, 85, 86,124,  2, 40,125, 87, 41,  3,  0, 42, 84,126, 43,  1,127, 85, 86,124,  2, 40,125, 87, 41,  3,   0, 47, 94,113, 63, 16, 97, 78,  0, 47, 94,113, 63, 16, 97, 78,  0, 47, 94,113, 63, 16, 97, 78,  0, 47, 94,113, 63, 16, 97, 78,
  0, 43, 86,125, 47,  4,121, 82, 94,117,  8, 35,113, 90, 39, 12,  0, 43, 86,125, 47,  4,121, 82, 94,117,  8, 35,113, 90, 39, 12,   0, 63,126, 65,127, 64,  1, 62,  0, 63,126, 65,127, 64,  1, 62,  0, 63,126, 65,127, 64,  1, 62,  0, 63,126, 65,127, 64,  1, 62,
  0, 44, 88,116, 51, 31,107, 71,102, 74, 62, 18, 85,121, 13, 33,  0, 44, 88,116, 51, 31,107, 71,102, 74, 62, 18, 85,121, 13, 33,   0, 79, 29, 82, 58,117, 39,104,  0, 79, 29, 82, 58,117, 39,104,  0, 79, 29, 82, 58,117, 39,104,  0, 79, 29, 82, 58,117, 39,104,
  0, 45, 90,119, 55, 26,109, 64,110, 67, 52, 25, 89,116,  3, 46,  0, 45, 90,119, 55, 26,109, 64,110, 67, 52, 25, 89,116,  3, 46,   0, 95, 61, 98,122, 37, 71, 24,  0, 95, 61, 98,122, 37, 71, 24,  0, 95, 61, 98,122, 37, 71, 24,  0, 95, 61, 98,122, 37, 71, 24,
  0, 46, 92,114, 59, 21,103, 73,118, 88, 42,  4, 77, 99, 17, 63,  0, 46, 92,114, 59, 21,103, 73,118, 88, 42,  4, 77, 99, 17, 63,   0,111, 93, 50, 57, 86,100, 11,  0,111, 93, 50, 57, 86,100, 11,  0,111, 93, 50, 57, 86,100, 11,  0,111, 93, 50, 57, 86,100, 11,
  0, 47, 94,113, 63, 16, 97, 78,126, 81, 32, 15, 65,110, 31, 48,  0, 47, 94,113, 63, 16, 97, 78,126, 81, 32, 15, 65,110, 31, 48,   0,127,125,  2,121,  6,  4,123,  0,127,125,  2,121,  6,  4,123,  0,127,125,  2,121,  6,  4,123,  0,127,125,  2,121,  6,  4,123,
  0, 48, 96, 80, 67,115, 35, 19,  5, 53,101, 85, 70,118, 38, 22,  0, 48, 96, 80, 67,115, 35, 19,  5, 53,101, 85, 70,118, 38, 22,   0, 10, 20, 30, 40, 34, 60, 54,  0, 10, 20, 30, 40, 34, 60, 54,  0, 10, 20, 30, 40, 34, 60, 54,  0, 10, 20, 30, 40, 34, 60, 54,
  0, 49, 98, 83, 71,118, 37, 20, 13, 60,111, 94, 74,123, 40, 25,  0, 49, 98, 83, 71,118, 37, 20, 13, 60,111, 94, 74,123, 40, 25,   0, 26, 52, 46,104,114, 92, 70,  0, 26, 52, 46,104,114, 92, 70,  0, 26, 52, 46,104,114, 92, 70,  0, 26, 52, 46,104,114, 92, 70,
  0, 50,100, 86, 75,121, 47, 29, 21, 39,113, 67, 94,108, 58,  8,  0, 50,100, 86, 75,121, 47, 29, 21, 39,113, 67, 94,108, 58,  8,   0, 42, 84,126, 43,  1,127, 85,  0, 42, 84,126, 43,  1,127, 85,  0, 42, 84,126, 43,  1,127, 85,  0, 42, 84,126, 43,  1,127, 85,
  0, 51,102, 85, 79,124, 41, 26, 29, 46,123, 72, 82, 97, 52,  7,  0, 51,102, 85, 79,124, 41, 26, 29, 46,123, 72, 82, 97, 52,  7,   0, 58,116, 78,107, 81, 31, 37,  0, 58,116, 78,107, 81, 31, 37,  0, 58,116, 78,107, 81, 31, 37,  0, 58,116, 78,107, 81, 31, 37,
  0, 52,104, 92, 83,103, 59, 15, 37, 17, 77,121,118, 66, 30, 42,  0, 52,104, 92, 83,103, 59, 15, 37, 17, 77,121,118, 66, 30, 42,   0, 74, 23, 93, 46,100, 57,115,  0, 74, 23, 93, 46,100, 57,115,  0, 74, 23, 93, 46,100, 57,115,  0, 74, 23, 93, 46,100, 57,115,
  0, 53,106, 95, 87, 98, 61,  8, 45, 24, 71,114,122, 79, 16, 37,  0, 53,106, 95, 87, 98, 61,  8, 45, 24, 71,114,122, 79, 16, 37,   0, 90, 55,109,110, 52, 89,  3,  0, 90, 55,109,110, 52, 89,  3,  0, 90, 55,109,110, 52, 89,  3,  0, 90, 55,109,110, 52, 89,  3,
  0, 54,108, 90, 91,109, 55,  1, 53,  3, 89,111,110, 88,  2, 52,  0, 54,108, 90, 91,109, 55,  1, 53,  3, 89,111,110, 88,  2, 52,   0,106, 87, 61, 45, 71,122, 16,  0,106, 87, 61, 45, 71,122, 16,  0,106, 87, 61, 45, 71,122, 16,  0,106, 87, 61, 45, 71,122, 16,
  0, 55,110, 89, 95,104, 49,  6, 61, 10, 83,100, 98, 85, 12, 59,  0, 55,110, 89, 95,104, 49,  6, 61, 10, 83,100, 98, 85, 12, 59,   0,122,119, 13,109, 23, 26, 96,  0,122,119, 13,109, 23, 26, 96,  0,122,119, 13,109, 23, 26, 96,  0,122,119, 13,109, 23, 26, 96,
  0, 56,112, 72, 99, 91, 19, 43, 69,125, 53, 13, 38, 30, 86,110,  0, 56,112, 72, 99, 91, 19, 43, 69,125, 53, 13, 38, 30, 86,110,   0,  9, 18, 27, 36, 45, 54, 63,  0,  9, 18, 27, 36, 45, 54, 63,  0,  9, 18, 27, 36, 45, 54, 63,  0,  9, 18, 27, 36, 45, 54, 63,
  0, 57,114, 75,103, 94, 21, 44, 77,116, 63,  6, 42, 19, 88, 97,  0, 57,114, 75,103, 94, 21, 44, 77,116, 63,  6, 42, 19, 88, 97,   0, 25, 50, 43,100,125, 86, 79,  0, 25, 50, 43,100,125, 86, 79,  0, 25, 50, 43,100,125, 86, 79,  0, 25, 50, 43,100,125, 86, 79,
  0, 58,116, 78,107, 81, 31, 37, 85,111, 33, 27, 62,  4, 74,112,  0, 58,116, 78,107, 81, 31, 37, 85,111, 33, 27, 62,  4, 74,112,   0, 41, 82,123, 39, 14,117, 92,  0, 41, 82,123, 39, 14,117, 92,  0, 41, 82,123, 39, 14,117, 92,  0, 41, 82,123, 39, 14,117, 92,
  0, 59,118, 77,111, 84, 25, 34, 93,102, 43, 16, 50,  9, 68,127,  0, 59,118, 77,111, 84, 25, 34, 93,102, 43, 16, 50,  9, 68,127,   0, 57,114, 75,103, 94, 21, 44,  0, 57,114, 75,103, 94, 21, 44,  0, 57,114, 75,103, 94, 21, 44,  0, 57,114, 75,103, 94, 21, 44,
  0, 60,120, 68,115, 79, 11, 55,101, 89, 29, 33, 22, 42,110, 82,  0, 60,120, 68,115, 79, 11, 55,101, 89, 29, 33, 22, 42,110, 82,   0, 73, 17, 88, 34,107, 51,122,  0, 73, 17, 88, 34,107, 51,122,  0, 73, 17, 88, 34,107, 51,122,  0, 73, 17, 88, 34,107, 51,122,
  0, 61,122, 71,119, 74, 13, 48,109, 80, 23, 42, 26, 39, 96, 93,  0, 61,122, 71,119, 74, 13, 48,109, 80, 23, 42, 26, 39, 96, 93,   0, 89, 49,104, 98, 59, 83, 10,  0, 89, 49,104, 98, 59, 83, 10,  0, 89, 49,104, 98, 59, 83, 10,  0, 89, 49,104, 98, 59, 83, 10,
  0, 62,124, 66,123, 69,  7, 57,117, 75,  9, 55, 14, 48,114, 76,  0, 62,124, 66,123, 69,  7, 57,117, 75,  9, 55, 14, 48,114, 76,   0,105, 81, 56, 33, 72,112, 25,  0,105, 81, 56, 33, 72,112, 25,  0,105, 81, 56, 33, 72,112, 25,  0,105, 81, 56, 33, 72,112, 25,
  0, 63,126, 65,127, 64,  1, 62,125, 66,  3, 60,  2, 61,124, 67,  0, 63,126, 65,127, 64,  1, 62,125, 66,  3, 60,  2, 61,124, 67,   0,121,113,  8, 97, 24, 16,105,  0,121,113,  8, 97, 24, 16,105,  0,121,113,  8, 97, 24, 16,105,  0,121,113,  8, 97, 24, 16,105,
  0, 64,  3, 67,  6, 70,  5, 69, 12, 76, 15, 79, 10, 74,  9, 73,  0, 64,  3, 67,  6, 70,  5, 69, 12, 76, 15, 79, 10, 74,  9, 73,   0, 24, 48, 40, 96,120, 80, 72,  0, 24, 48, 40, 96,120, 80, 72,  0, 24, 48, 40, 96,120, 80, 72,  0, 24, 48, 40, 96,120, 80, 72,
  0, 65,  1, 64,  2, 67,  3, 66,  4, 69,  5, 68,  6, 71,  7, 70,  0, 65,  1, 64,  2, 67,  3, 66,  4, 69,  5, 68,  6, 71,  7, 70,   0,  8, 16, 24, 32, 40, 48, 56,  0,  8, 16, 24, 32, 40, 48, 56,  0,  8, 16, 24, 32, 40, 48, 56,  0,  8, 16, 24, 32, 40, 48, 56,
  0, 66,  7, 69, 14, 76,  9, 75, 28, 94, 27, 89, 18, 80, 21, 87,  0, 66,  7, 69, 14, 76,  9, 75, 28, 94, 27, 89, 18, 80, 21, 87,   0, 56,112, 72, 99, 91, 19, 43,  0, 56,112, 72, 99, 91, 19, 43,  0, 56,112, 72, 99, 91, 19, 43,  0, 56,112, 72, 99, 91, 19, 43,
  0, 67,  5, 70, 10, 73, 15, 76, 20, 87, 17, 82, 30, 93, 27, 88,  0, 67,  5, 70, 10, 73, 15, 76, 20, 87, 17, 82, 30, 93, 27, 88,   0, 40, 80,120, 35, 11,115, 91,  0, 40, 80,120, 35, 11,115, 91,  0, 40, 80,120, 35, 11,115, 91,  0, 40, 80,120, 35, 11,115, 91,
  0, 68, 11, 79, 22, 82, 29, 89, 44,104, 39, 99, 58,126, 49,117,  0, 68, 11, 79, 22, 82, 29, 89, 44,104, 39, 99, 58,126, 49,117,   0, 88, 51,107,102, 62, 85, 13,  0, 88, 51,107,102, 62, 85, 13,  0, 88, 51,107,102, 62, 85, 13,  0, 88, 51,107,102, 62, 85, 13,
  0, 69,  9, 76, 18, 87, 27, 94, 36, 97, 45,104, 54,115, 63,122,  0, 69,  9, 76, 18, 87, 27, 94, 36, 97, 45,104, 54,115, 63,122,   0, 72, 19, 91, 38,110, 53,125,  0, 72, 19, 91, 38,110, 53,125,  0, 72, 19, 91, 38,110, 53,125,  0, 72, 19, 91, 38,110, 53,125,
  0, 70, 15, 73, 30, 88, 17, 87, 60,122, 51,117, 34,100, 45,107,  0, 70, 15, 73, 30, 88, 17, 87, 60,122, 51,117, 34,100, 45,107,   0,120,115, 11,101, 29, 22,110,  0,120,115, 11,101, 29, 22,110,  0,120,115, 11,101, 29, 22,110,  0,120,115, 11,101, 29, 22,110,
  0, 71, 13, 74, 26, 93, 23, 80, 52,115, 57,126, 46,105, 35,100,  0, 71, 13, 74, 26, 93, 23, 80, 52,115, 57,126, 46,105, 35,100,   0,104, 83, 59, 37, 77,118, 30,  0,104, 83, 59, 37, 77,118, 30,  0,104, 83, 59, 37, 77,118, 30,  0,104, 83, 59, 37, 77,118, 30,
  0, 72, 19, 91, 38,110, 53,125, 76,  4, 95, 23,106, 34,121, 49,  0, 72, 19, 91, 38,110, 53,125, 76,  4, 95, 23,106, 34,121, 49,   0, 27, 54, 45,108,119, 90, 65,  0, 27, 54, 45,108,119, 90, 65,  0, 27, 54, 45,108,119, 90, 65,  0, 27, 54, 45,108,119, 90, 65,
  0, 73, 17, 88, 34,107, 51,122, 68, 13, 85, 28,102, 47,119, 62,  0, 73, 17, 88, 34,107, 51,122, 68, 13, 85, 28,102, 47,119, 62,   0, 11, 22, 29, 44, 39, 58, 49,  0, 11, 22, 29, 44, 39, 58, 49,  0, 11, 22, 29, 44, 39, 58, 49,  0, 11, 22, 29, 44, 39, 58, 49,
  0, 74, 23, 93, 46,100, 57,115, 92, 22, 75,  1,114, 56,101, 47,  0, 74, 23, 93, 46,100, 57,115, 92, 22, 75,  1,114, 56,101, 47,   0, 59,118, 77,111, 84, 25, 34,  0, 59,118, 77,111, 84, 25, 34,  0, 59,118, 77,111, 84, 25, 34,  0, 59,118, 77,111, 84, 25, 34,
  0, 75, 21, 94, 42, 97, 63,116, 84, 31, 65, 10,126, 53,107, 32,  0, 75, 21, 94, 42, 97, 63,116, 84, 31, 65, 10,126, 53,107, 32,   0, 43, 86,125, 47,  4,121, 82,  0, 43, 86,125, 47,  4,121, 82,  0, 43, 86,125, 47,  4,121, 82,  0, 43, 86,125, 47,  4,121, 82,
  0, 76, 27, 87, 54,122, 45, 97,108, 32,119, 59, 90, 22, 65, 13,  0, 76, 27, 87, 54,122, 45, 97,108, 32,119, 59, 90, 22, 65, 13,   0, 91, 53,110,106, 49, 95,  4,  0, 91, 53,110,106, 49, 95,  4,  0, 91, 53,110,106, 49, 95,  4,  0, 91, 53,110,106, 49, 95,  4,
  0, 77, 25, 84, 50,127, 43,102,100, 41,125, 48, 86, 27, 79,  2,  0, 77, 25, 84, 50,127, 43,102,100, 41,125, 48, 86, 27, 79,  2,   0, 75, 21, 94, 42, 97, 63,116,  0, 75, 21, 94, 42, 97, 63,116,  0, 75, 21, 94, 42, 97, 63,116,  0, 75, 21, 94, 42, 97, 63,116,
  0, 78, 31, 81, 62,112, 33,111,124, 50, 99, 45, 66, 12, 93, 19,  0, 78, 31, 81, 62,112, 33,111,124, 50, 99, 45, 66, 12, 93, 19,   0,123,117, 14,105, 18, 28,103,  0,123,117, 14,105, 18, 28,103,  0,123,117, 14,105, 18, 28,103,  0,123,117, 14,105, 18, 28,103,
  0, 79, 29, 82, 58,117, 39,104,116, 59,105, 38, 78,  1, 83, 28,  0, 79, 29, 82, 58,117, 39,104,116, 59,105, 38, 78,  1, 83, 28,   0,107, 85, 62, 41, 66,124, 23,  0,107, 85, 62, 41, 66,124, 23,  0,107, 85, 62, 41, 66,124, 23,  0,107, 85, 62, 41, 66,124, 23,
  0, 80, 35,115, 70, 22,101, 53, 15, 95, 44,124, 73, 25,106, 58,  0, 80, 35,115, 70, 22,101, 53, 15, 95, 44,124, 73, 25,106, 58,   0, 30, 60, 34,120,102, 68, 90,  0, 30, 60, 34,120,102, 68, 90,  0, 30, 60, 34,120,102, 68, 90,  0, 30, 60, 34,120,102, 68, 90,
  0, 81, 33,112, 66, 19, 99, 50,  7, 86, 38,119, 69, 20,100, 53,  0, 81, 33,112, 66, 19, 99, 50,  7, 86, 38,119, 69, 20,100, 53,   0, 14, 28, 18, 56, 54, 36, 42,  0, 14, 28, 18, 56, 54, 36, 42,  0, 14, 28, 18, 56, 54, 36, 42,  0, 14, 28, 18, 56, 54, 36, 42,
  0, 82, 39,117, 78, 28,105, 59, 31, 77, 56,106, 81,  3,118, 36,  0, 82, 39,117, 78, 28,105, 59, 31, 77, 56,106, 81,  3,118, 36,   0, 62,124, 66,123, 69,  7, 57,  0, 62,124, 66,123, 69,  7, 57,  0, 62,124, 66,123, 69,  7, 57,  0, 62,124, 66,123, 69,  7, 57,
  0, 83, 37,118, 74, 25,111, 60, 23, 68, 50, 97, 93, 14,120, 43,  0, 83, 37,118, 74, 25,111, 60, 23, 68, 50, 97, 93, 14,120, 43,   0, 46, 92,114, 59, 21,103, 73,  0, 46, 92,114, 59, 21,103, 73,  0, 46, 92,114, 59, 21,103, 73,  0, 46, 92,114, 59, 21,103, 73,
  0, 84, 43,127, 86,  2,125, 41, 47,123,  4, 80,121, 45, 82,  6,  0, 84, 43,127, 86,  2,125, 41, 47,123,  4, 80,121, 45, 82,  6,   0, 94, 63, 97,126, 32, 65, 31,  0, 94, 63, 97,126, 32, 65, 31,  0, 94, 63, 97,126, 32, 65, 31,  0, 94, 63, 97,126, 32, 65, 31,
  0, 85, 41,124, 82,  7,123, 46, 39,114, 14, 91,117, 32, 92,  9,  0, 85, 41,124, 82,  7,123, 46, 39,114, 14, 91,117, 32, 92,  9,   0, 78, 31, 81, 62,112, 33,111,  0, 78, 31, 81, 62,112, 33,111,  0, 78, 31, 81, 62,112, 33,111,  0, 78, 31, 81, 62,112, 33,111,
  0, 86, 47,121, 94,  8,113, 39, 63,105, 16, 70, 97, 55, 78, 24,  0, 86, 47,121, 94,  8,113, 39, 63,105, 16, 70, 97, 55, 78, 24,   0,126,127,  1,125,  3,  2,124,  0,126,127,  1,125,  3,  2,124,  0,126,127,  1,125,  3,  2,124,  0,126,127,  1,125,  3,  2,124,
  0, 87, 45,122, 90, 13,119, 32, 55, 96, 26, 77,109, 58, 64, 23,  0, 87, 45,122, 90, 13,119, 32, 55, 96, 26, 77,109, 58, 64, 23,   0,110, 95, 49, 61, 83, 98, 12,  0,110, 95, 49, 61, 83, 98, 12,  0,110, 95, 49, 61, 83, 98, 12,  0,110, 95, 49, 61, 83, 98, 12,
  0, 88, 51,107,102, 62, 85, 13, 79, 23,124, 36, 41,113, 26, 66,  0, 88, 51,107,102, 62, 85, 13, 79, 23,124, 36, 41,113, 26, 66,   0, 29, 58, 39,116,105, 78, 83,  0, 29, 58, 39,116,105, 78, 83,  0, 29, 58, 39,116,105, 78, 83,  0, 29, 58, 39,116,105, 78, 83,
  0, 89, 49,104, 98, 59, 83, 10, 71, 30,118, 47, 37,124, 20, 77,  0, 89, 49,104, 98, 59, 83, 10, 71, 30,118, 47, 37,124, 20, 77,   0, 13, 26, 23, 52, 57, 46, 35,  0, 13, 26, 23, 52, 57, 46, 35,  0, 13, 26, 23, 52, 57, 46, 35,  0, 13, 26, 23, 52, 57, 46, 35,
  0, 90, 55,109,110, 52, 89,  3, 95,  5,104, 50, 49,107,  6, 92,  0, 90, 55,109,110, 52, 89,  3, 95,  5,104, 50, 49,107,  6, 92,   0, 61,122, 71,119, 74, 13, 48,  0, 61,122, 71,119, 74, 13, 48,  0, 61,122, 71,119, 74, 13, 48,  0, 61,122, 71,119, 74, 13, 48,
  0, 91, 53,110,106, 49, 95,  4, 87, 12, 98, 57, 61,102,  8, 83,  0, 91, 53,110,106, 49, 95,  4, 87, 12, 98, 57, 61,102,  8, 83,   0, 45, 90,119, 55, 26,109, 64,  0, 45, 90,119, 55, 26,109, 64,  0, 45, 90,119, 55, 26,109, 64,  0, 45, 90,119, 55, 26,109, 64,
  0, 92, 59,103,118, 42, 77, 17,111, 51, 84,  8, 25, 69, 34,126,  0, 92, 59,103,118, 42, 77, 17,111, 51, 84,  8, 25, 69, 34,126,   0, 93, 57,100,114, 47, 75, 22,  0, 93, 57,100,114, 47, 75, 22,  0, 93, 57,100,114, 47, 75, 22,  0, 93, 57,100,114, 47, 75, 22,
  0, 93, 57,100,114, 47, 75, 22,103, 58, 94,  3, 21, 72, 44,113,  0, 93, 57,100,114, 47, 75, 22,103, 58, 94,  3, 21, 72, 44,113,   0, 77, 25, 84, 50,127, 43,102,  0, 77, 25, 84, 50,127, 43,102,  0, 77, 25, 84, 50,127, 43,102,  0, 77, 25, 84, 50,127, 43,102,
  0, 94, 63, 97,126, 32, 65, 31,127, 33, 64, 30,  1, 95, 62, 96,  0, 94, 63, 97,126, 32, 65, 31,127, 33, 64, 30,  1, 95, 62, 96,   0,125,121,  4,113, 12,  8,117,  0,125,121,  4,113, 12,  8,117,  0,125,121,  4,113, 12,  8,117,  0,125,121,  4,113, 12,  8,117,
  0, 95, 61, 98,122, 37, 71, 24,119, 40, 74, 21, 13, 82, 48,111,  0, 95, 61, 98,122, 37, 71, 24,119, 40, 74, 21, 13, 82, 48,111,   0,109, 89, 52, 49, 92,104,  5,  0,109, 89, 52, 49, 92,104,  5,  0,109, 89, 52, 49, 92,104,  5,  0,109, 89, 52, 49, 92,104,  5,
  0, 96, 67, 35,  5,101, 70, 38, 10,106, 73, 41, 15,111, 76, 44,  0, 96, 67, 35,  5,101, 70, 38, 10,106, 73, 41, 15,111, 76, 44,   0, 20, 40, 60, 80, 68,120,108,  0, 20, 40, 60, 80, 68,120,108,  0, 20, 40, 60, 80, 68,120,108,  0, 20, 40, 60, 80, 68,120,108,
  0, 97, 65, 32,  1, 96, 64, 33,  2, 99, 67, 34,  3, 98, 66, 35,  0, 97, 65, 32,  1, 96, 64, 33,  2, 99, 67, 34,  3, 98, 66, 35,   0,  4,  8, 12, 16, 20, 24, 28,  0,  4,  8, 12, 16, 20, 24, 28,  0,  4,  8, 12, 16, 20, 24, 28,  0,  4,  8, 12, 16, 20, 24, 28,
  0, 98, 71, 37, 13,111, 74, 40, 26,120, 93, 63, 23,117, 80, 50,  0, 98, 71, 37, 13,111, 74, 40, 26,120, 93, 63, 23,117, 80, 50,   0, 52,104, 92, 83,103, 59, 15,  0, 52,104, 92, 83,103, 59, 15,  0, 52,104, 92, 83,103, 59, 15,  0, 52,104, 92, 83,103, 59, 15,
  0, 99, 69, 38,  9,106, 76, 47, 18,113, 87, 52, 27,120, 94, 61,  0, 99, 69, 38,  9,106, 76, 47, 18,113, 87, 52, 27,120, 94, 61,   0, 36, 72,108, 19, 55, 91,127,  0, 36, 72,108, 19, 55, 91,127,  0, 36, 72,108, 19, 55, 91,127,  0, 36, 72,108, 19, 55, 91,127,
  0,100, 75, 47, 21,113, 94, 58, 42, 78, 97,  5, 63, 91,116, 16,  0,100, 75, 47, 21,113, 94, 58, 42, 78, 97,  5, 63, 91,116, 16,   0, 84, 43,127, 86,  2,125, 41,  0, 84, 43,127, 86,  2,125, 41,  0, 84, 43,127, 86,  2,125, 41,  0, 84, 43,127, 86,  2,125, 41,
  0,101, 73, 44, 17,116, 88, 61, 34, 71,107, 14, 51, 86,122, 31,  0,101, 73, 44, 17,116, 88, 61, 34, 71,107, 14, 51, 86,122, 31,   0, 68, 11, 79, 22, 82, 29, 89,  0, 68, 11, 79, 22, 82, 29, 89,  0, 68, 11, 79, 22, 82, 29, 89,  0, 68, 11, 79, 22, 82, 29, 89,
  0,102, 79, 41, 29,123, 82, 52, 58, 92,117, 19, 39, 65,104, 14,  0,102, 79, 41, 29,123, 82, 52, 58, 92,117, 19, 39, 65,104, 14,   0,116,107, 31, 85, 33, 62, 74,  0,116,107, 31, 85, 33, 62, 74,  0,116,107, 31, 85, 33, 62, 74,  0,116,107, 31, 85, 33, 62, 74,
  0,103, 77, 42, 25,126, 84, 51, 50, 85,127, 24, 43, 76,102,  1,  0,103, 77, 42, 25,126, 84, 51, 50, 85,127, 24, 43, 76,102,  1,   0,100, 75, 47, 21,113, 94, 58,  0,100, 75, 47, 21,113, 94, 58,  0,100, 75, 47, 21,113, 94, 58,  0,100, 75, 47, 21,113, 94, 58,
  0,104, 83, 59, 37, 77,118, 30, 74, 34, 25,113,111,  7, 60, 84,  0,104, 83, 59, 37, 77,118, 30, 74, 34, 25,113,111,  7, 60, 84,   0, 23, 46, 57, 92, 75,114,101,  0, 23, 46, 57, 92, 75,114,101,  0, 23, 46, 57, 92, 75,114,101,  0, 23, 46, 57, 92, 75,114,101,
  0,105, 81, 56, 33, 72,112, 25, 66, 43, 19,122, 99, 10, 50, 91,  0,105, 81, 56, 33, 72,112, 25, 66, 43, 19,122, 99, 10, 50, 91,   0,  7, 14,  9, 28, 27, 18, 21,  0,  7, 14,  9, 28, 27, 18, 21,  0,  7, 14,  9, 28, 27, 18, 21,  0,  7, 14,  9, 28, 27, 18, 21,
  0,106, 87, 61, 45, 71,122, 16, 90, 48, 13,103,119, 29, 32, 74,  0,106, 87, 61, 45, 71,122, 16, 90, 48, 13,103,119, 29, 32, 74,   0, 55,110, 89, 95,104, 49,  6,  0, 55,110, 89, 95,104, 49,  6,  0, 55,110, 89, 95,104, 49,  6,  0, 55,110, 89, 95,104, 49,  6,
  0,107, 85, 62, 41, 66,124, 23, 82, 57,  7,108,123, 16, 46, 69,  0,107, 85, 62, 41, 66,124, 23, 82, 57,  7,108,123, 16, 46, 69,   0, 39, 78,105, 31, 56, 81,118,  0, 39, 78,105, 31, 56, 81,118,  0, 39, 78,105, 31, 56, 81,118,  0, 39, 78,105, 31, 56, 81,118,
  0,108, 91, 55, 53, 89,110,  2,106,  6, 49, 93, 95, 51,  4,104,  0,108, 91, 55, 53, 89,110,  2,106,  6, 49, 93, 95, 51,  4,104,   0, 87, 45,122, 90, 13,119, 32,  0, 87, 45,122, 90, 13,119, 32,  0, 87, 45,122, 90, 13,119, 32,  0, 87, 45,122, 90, 13,119, 32,
  0,109, 89, 52, 49, 92,104,  5, 98, 15, 59, 86, 83, 62, 10,103,  0,109, 89, 52, 49, 92,104,  5, 98, 15, 59, 86, 83, 62, 10,103,   0, 71, 13, 74, 26, 93, 23, 80,  0, 71, 13, 74, 26, 93, 23, 80,  0, 71, 13, 74, 26, 93, 23, 80,  0, 71, 13, 74, 26, 93, 23, 80,
  0,110, 95, 49, 61, 83, 98, 12,122, 20, 37, 75, 71, 41, 24,118,  0,110, 95, 49, 61, 83, 98, 12,122, 20, 37, 75, 71, 41, 24,118,   0,119,109, 26, 89, 46, 52, 67,  0,119,109, 26, 89, 46, 52, 67,  0,119,109, 26, 89, 46, 52, 67,  0,119,109, 26, 89, 46, 52, 67,
  0,111, 93, 50, 57, 86,100, 11,114, 29, 47, 64, 75, 36, 22,121,  0,111, 93, 50, 57, 86,100, 11,114, 29, 47, 64, 75, 36, 22,121,   0,103, 77, 42, 25,126, 84, 51,  0,103, 77, 42, 25,126, 84, 51,  0,103, 77, 42, 25,126, 84, 51,  0,103, 77, 42, 25,126, 84, 51,
  0,112, 99, 19, 69, 53, 38, 86,  9,121,106, 26, 76, 60, 47, 95,  0,112, 99, 19, 69, 53, 38, 86,  9,121,106, 26, 76, 60, 47, 95,   0, 18, 36, 54, 72, 90,108,126,  0, 18, 36, 54, 72, 90,108,126,  0, 18, 36, 54, 72, 90,108,126,  0, 18, 36, 54, 72, 90,108,126,
  0,113, 97, 16, 65, 48, 32, 81,  1,112, 96, 17, 64, 49, 33, 80,  0,113, 97, 16, 65, 48, 32, 81,  1,112, 96, 17, 64, 49, 33, 80,   0,  2,  4,  6,  8, 10, 12, 14,  0,  2,  4,  6,  8, 10, 12, 14,  0,  2,  4,  6,  8, 10, 12, 14,  0,  2,  4,  6,  8, 10, 12, 14,
  0,114,103, 21, 77, 63, 42, 88, 25,107,126, 12, 84, 38, 51, 65,  0,114,103, 21, 77, 63, 42, 88, 25,107,126, 12, 84, 38, 51, 65,   0, 50,100, 86, 75,121, 47, 29,  0, 50,100, 86, 75,121, 47, 29,  0, 50,100, 86, 75,121, 47, 29,  0, 50,100, 86, 75,121, 47, 29,
  0,115,101, 22, 73, 58, 44, 95, 17, 98,116,  7, 88, 43, 61, 78,  0,115,101, 22, 73, 58, 44, 95, 17, 98,116,  7, 88, 43, 61, 78,   0, 34, 68,102, 11, 41, 79,109,  0, 34, 68,102, 11, 41, 79,109,  0, 34, 68,102, 11, 41, 79,109,  0, 34, 68,102, 11, 41, 79,109,
  0,116,107, 31, 85, 33, 62, 74, 41, 93, 66, 54,124,  8, 23, 99,  0,116,107, 31, 85, 33, 62, 74, 41, 93, 66, 54,124,  8, 23, 99,   0, 82, 39,117, 78, 28,105, 59,  0, 82, 39,117, 78, 28,105, 59,  0, 82, 39,117, 78, 28,105, 59,  0, 82, 39,117, 78, 28,105, 59,
  0,117,105, 28, 81, 36, 56, 77, 33, 84, 72, 61,112,  5, 25,108,  0,117,105, 28, 81, 36, 56, 77, 33, 84, 72, 61,112,  5, 25,108,   0, 66,  7, 69, 14, 76,  9, 75,  0, 66,  7, 69, 14, 76,  9, 75,  0, 66,  7, 69, 14, 76,  9, 75,  0, 66,  7, 69, 14, 76,  9, 75,
  0,118,111, 25, 93, 43, 50, 68, 57, 79, 86, 32,100, 18, 11,125,  0,118,111, 25, 93, 43, 50, 68, 57, 79, 86, 32,100, 18, 11,125,   0,114,103, 21, 77, 63, 42, 88,  0,114,103, 21, 77, 63, 42, 88,  0,114,103, 21, 77, 63, 42, 88,  0,114,103, 21, 77, 63, 42, 88,
  0,119,109, 26, 89, 46, 52, 67, 49, 70, 92, 43,104, 31,  5,114,  0,119,109, 26, 89, 46, 52, 67, 49, 70, 92, 43,104, 31,  5,114,   0, 98, 71, 37, 13,111, 74, 40,  0, 98, 71, 37, 13,111, 74, 40,  0, 98, 71, 37, 13,111, 74, 40,  0, 98, 71, 37, 13,111, 74, 40,
  0,120,115, 11,101, 29, 22,110, 73, 49, 58, 66, 44, 84, 95, 39,  0,120,115, 11,101, 29, 22,110, 73, 49, 58, 66, 44, 84, 95, 39,   0, 17, 34, 51, 68, 85,102,119,  0, 17, 34, 51, 68, 85,102,119,  0, 17, 34, 51, 68, 85,102,119,  0, 17, 34, 51, 68, 85,102,119,
  0,121,113,  8, 97, 24, 16,105, 65, 56, 48, 73, 32, 89, 81, 40,  0,121,113,  8, 97, 24, 16,105, 65, 56, 48, 73, 32, 89, 81, 40,   0,  1,  2,  3,  4,  5,  6,  7,  0,  1,  2,  3,  4,  5,  6,  7,  0,  1,  2,  3,  4,  5,  6,  7,  0,  1,  2,  3,  4,  5,  6,  7,
  0,122,119, 13,109, 23, 26, 96, 89, 35, 46, 84, 52, 78, 67, 57,  0,122,119, 13,109, 23, 26, 96, 89, 35, 46, 84, 52, 78, 67, 57,   0, 49, 98, 83, 71,118, 37, 20,  0, 49, 98, 83, 71,118, 37, 20,  0, 49, 98, 83, 71,118, 37, 20,  0, 49, 98, 83, 71,118, 37, 20,
  0,123,117, 14,105, 18, 28,103, 81, 42, 36, 95, 56, 67, 77, 54,  0,123,117, 14,105, 18, 28,103, 81, 42, 36, 95, 56, 67, 77, 54,   0, 33, 66, 99,  7, 38, 69,100,  0, 33, 66, 99,  7, 38, 69,100,  0, 33, 66, 99,  7, 38, 69,100,  0, 33, 66, 99,  7, 38, 69,100,
  0,124,123,  7,117,  9, 14,114,105, 21, 18,110, 28, 96,103, 27,  0,124,123,  7,117,  9, 14,114,105, 21, 18,110, 28, 96,103, 27,   0, 81, 33,112, 66, 19, 99, 50,  0, 81, 33,112, 66, 19, 99, 50,  0, 81, 33,112, 66, 19, 99, 50,  0, 81, 33,112, 66, 19, 99, 50,
  0,125,121,  4,113, 12,  8,117, 97, 28, 24,101, 16,109,105, 20,  0,125,121,  4,113, 12,  8,117, 97, 28, 24,101, 16,109,105, 20,   0, 65,  1, 64,  2, 67,  3, 66,  0, 65,  1, 64,  2, 67,  3, 66,  0, 65,  1, 64,  2, 67,  3, 66,  0, 65,  1, 64,  2, 67,  3, 66,
  0,126,127,  1,125,  3,  2,124,121,  7,  6,120,  4,122,123,  5,  0,126,127,  1,125,  3,  2,124,121,  7,  6,120,  4,122,123,  5,   0,113, 97, 16, 65, 48, 32, 81,  0,113, 97, 16, 65, 48, 32, 81,  0,113, 97, 16, 65, 48, 32, 81,  0,113, 97, 16, 65, 48, 32, 81,
  0,127,125,  2,121,  6,  4,123,113, 14, 12,115,  8,119,117, 10,  0,127,125,  2,121,  6,  4,123,113, 14, 12,115,  8,119,117, 10,   0, 97, 65, 32,  1, 96, 64, 33,  0, 97, 65, 32,  1, 96, 64, 33,  0, 97, 65, 32,  1, 96, 64, 33,  0, 97, 65, 32,  1, 96, 64, 33,
